2

Ar	0.0	0.0	0.0
Ar	1.5	0.0	0.0
2

Ar	-0.005790144155230777	0.0	0.0
Ar	1.5057901441552308	0.0	0.0
2

Ar	-0.022909808032879213	0.0	0.0
Ar	1.5229098080328793	0.0	0.0
2

Ar	-0.05042432505280993	0.0	0.0
Ar	1.55042432505281	0.0	0.0
2

Ar	-0.08671885934285173	0.0	0.0
Ar	1.5867188593428518	0.0	0.0
2

Ar	-0.1299058047060192	0.0	0.0
Ar	1.6299058047060193	0.0	0.0
2

Ar	-0.17820175742875485	0.0	0.0
Ar	1.6782017574287549	0.0	0.0
2

Ar	-0.23014100839778243	0.0	0.0
Ar	1.7301410083977824	0.0	0.0
2

Ar	-0.28462322244010435	0.0	0.0
Ar	1.7846232224401044	0.0	0.0
2

Ar	-0.34086616285575233	0.0	0.0
Ar	1.8408661628557523	0.0	0.0
2

Ar	-0.3983295719369221	0.0	0.0
Ar	1.8983295719369222	0.0	0.0
2

Ar	-0.4566447171681508	0.0	0.0
Ar	1.956644717168151	0.0	0.0
2

Ar	-0.5155602255573598	0.0	0.0
Ar	2.0155602255573597	0.0	0.0
2

Ar	-0.5749038309850836	0.0	0.0
Ar	2.0749038309850834	0.0	0.0
2

Ar	-0.6345564295120998	0.0	0.0
Ar	2.1345564295120996	0.0	0.0
2

Ar	-0.6944347840553807	0.0	0.0
Ar	2.1944347840553804	0.0	0.0
2

Ar	-0.7544800462860916	0.0	0.0
Ar	2.254480046286091	0.0	0.0
2

Ar	-0.8146501176609807	0.0	0.0
Ar	2.31465011766098	0.0	0.0
2

Ar	-0.8749145300618026	0.0	0.0
Ar	2.374914530061802	0.0	0.0
2

Ar	-0.9352509832022036	0.0	0.0
Ar	2.435250983202203	0.0	0.0
2

Ar	-0.995642978172997	0.0	0.0
Ar	2.4956429781729965	0.0	0.0
2

Ar	-1.056078182432118	0.0	0.0
Ar	2.5560781824321173	0.0	0.0
2

Ar	-1.1165472877000877	0.0	0.0
Ar	2.616547287700087	0.0	0.0
2

Ar	-1.1770432034939828	0.0	0.0
Ar	2.6770432034939824	0.0	0.0
2

Ar	-1.237560481647103	0.0	0.0
Ar	2.737560481647103	0.0	0.0
2

Ar	-1.2980949014754815	0.0	0.0
Ar	2.7980949014754812	0.0	0.0
2

Ar	-1.3586431678289772	0.0	0.0
Ar	2.8586431678289768	0.0	0.0
2

Ar	-1.4192026892612093	0.0	0.0
Ar	2.919202689261209	0.0	0.0
2

Ar	-1.4797714136128504	0.0	0.0
Ar	2.9797714136128497	0.0	0.0
2

Ar	-1.5403477051190035	0.0	0.0
Ar	3.040347705119003	0.0	0.0
2

Ar	-1.6009302518152426	0.0	0.0
Ar	3.100930251815242	0.0	0.0
2

Ar	-1.661517995238909	0.0	0.0
Ar	3.1615179952389085	0.0	0.0
2

Ar	-1.722110076669089	0.0	0.0
Ar	3.2221100766690887	0.0	0.0
2

Ar	-1.782705795729725	0.0	0.0
Ar	3.2827057957297248	0.0	0.0
2

Ar	-1.8433045783025772	0.0	0.0
Ar	3.3433045783025768	0.0	0.0
2

Ar	-1.9039059515000816	0.0	0.0
Ar	3.4039059515000814	0.0	0.0
2

Ar	-1.9645095240278172	0.0	0.0
Ar	3.4645095240278168	0.0	0.0
2

Ar	-2.0251149706878295	0.0	0.0
Ar	3.525114970687829	0.0	0.0
2

Ar	-2.085722020082868	0.0	0.0
Ar	3.5857220200828674	0.0	0.0
2

Ar	-2.146330444809445	0.0	0.0
Ar	3.6463304448094447	0.0	0.0
2

Ar	-2.2069400535968784	0.0	0.0
Ar	3.706940053596878	0.0	0.0
2

Ar	-2.2675506849760456	0.0	0.0
Ar	3.767550684976045	0.0	0.0
2

Ar	-2.3281622021568076	0.0	0.0
Ar	3.828162202156807	0.0	0.0
2

Ar	-2.388774488865143	0.0	0.0
Ar	3.8887744888651428	0.0	0.0
2

Ar	-2.449387445945925	0.0	0.0
Ar	3.9493874459459244	0.0	0.0
2

Ar	-2.510000988579284	0.0	0.0
Ar	4.010000988579284	0.0	0.0
2

Ar	-2.5706150439908635	0.0	0.0
Ar	4.0706150439908635	0.0	0.0
2

Ar	-2.631229549561267	0.0	0.0
Ar	4.131229549561267	0.0	0.0
2

Ar	-2.6918444512594872	0.0	0.0
Ar	4.191844451259487	0.0	0.0
2

Ar	-2.7524597023402815	0.0	0.0
Ar	4.252459702340282	0.0	0.0
2

Ar	-2.813075262257395	0.0	0.0
Ar	4.313075262257396	0.0	0.0
2

Ar	-2.8736910957539417	0.0	0.0
Ar	4.3736910957539425	0.0	0.0
2

Ar	-2.9343071720986886	0.0	0.0
Ar	4.4343071720986895	0.0	0.0
2

Ar	-2.9949234644429117	0.0	0.0
Ar	4.494923464442913	0.0	0.0
2

Ar	-3.0555399492772124	0.0	0.0
Ar	4.555539949277213	0.0	0.0
2

Ar	-3.1161566059714714	0.0	0.0
Ar	4.616156605971472	0.0	0.0
2

Ar	-3.176773416384153	0.0	0.0
Ar	4.676773416384154	0.0	0.0
2

Ar	-3.237390364529632	0.0	0.0
Ar	4.737390364529633	0.0	0.0
2

Ar	-3.2980074362942076	0.0	0.0
Ar	4.798007436294209	0.0	0.0
2

Ar	-3.358624619193077	0.0	0.0
Ar	4.858624619193078	0.0	0.0
2

Ar	-3.419241902161864	0.0	0.0
Ar	4.919241902161865	0.0	0.0
2

Ar	-3.479859275377375	0.0	0.0
Ar	4.979859275377375	0.0	0.0
2

Ar	-3.5404767301031397	0.0	0.0
Ar	5.04047673010314	0.0	0.0
2

Ar	-3.6010942585560133	0.0	0.0
Ar	5.101094258556013	0.0	0.0
2

Ar	-3.6617118537907287	0.0	0.0
Ar	5.161711853790728	0.0	0.0
2

Ar	-3.722329509599775	0.0	0.0
Ar	5.222329509599774	0.0	0.0
2

Ar	-3.7829472204263945	0.0	0.0
Ar	5.282947220426394	0.0	0.0
2

Ar	-3.8435649812888313	0.0	0.0
Ar	5.34356498128883	0.0	0.0
2

Ar	-3.9041827877142525	0.0	0.0
Ar	5.404182787714252	0.0	0.0
2

Ar	-3.9648006356809997	0.0	0.0
Ar	5.464800635680999	0.0	0.0
2

Ar	-4.02541852156803	0.0	0.0
Ar	5.525418521568029	0.0	0.0
2

Ar	-4.086036442110574	0.0	0.0
Ar	5.586036442110573	0.0	0.0
2

Ar	-4.146654394361184	0.0	0.0
Ar	5.6466543943611835	0.0	0.0
2

Ar	-4.207272375655453	0.0	0.0
Ar	5.707272375655452	0.0	0.0
2

Ar	-4.267890383581799	0.0	0.0
Ar	5.767890383581799	0.0	0.0
2

Ar	-4.328508415954796	0.0	0.0
Ar	5.828508415954796	0.0	0.0
2

Ar	-4.389126470791592	0.0	0.0
Ar	5.889126470791592	0.0	0.0
2

Ar	-4.449744546291023	0.0	0.0
Ar	5.949744546291023	0.0	0.0
2

Ar	-4.510362640815102	0.0	0.0
Ar	6.010362640815102	0.0	0.0
2

Ar	-4.570980752872574	0.0	0.0
Ar	6.070980752872574	0.0	0.0
2

Ar	-4.631598881104288	0.0	0.0
Ar	6.131598881104288	0.0	0.0
2

Ar	-4.692217024270183	0.0	0.0
Ar	6.192217024270183	0.0	0.0
2

Ar	-4.752835181237671	0.0	0.0
Ar	6.252835181237671	0.0	0.0
2

Ar	-4.813453350971276	0.0	0.0
Ar	6.313453350971276	0.0	0.0
2

Ar	-4.874071532523362	0.0	0.0
Ar	6.374071532523362	0.0	0.0
2

Ar	-4.934689725025839	0.0	0.0
Ar	6.434689725025839	0.0	0.0
2

Ar	-4.995307927682731	0.0	0.0
Ar	6.495307927682731	0.0	0.0
2

Ar	-5.055926139763505	0.0	0.0
Ar	6.555926139763505	0.0	0.0
2

Ar	-5.116544360597079	0.0	0.0
Ar	6.616544360597079	0.0	0.0
2

Ar	-5.177162589566435	0.0	0.0
Ar	6.677162589566435	0.0	0.0
2

Ar	-5.2377808261037675	0.0	0.0
Ar	6.7377808261037675	0.0	0.0
2

Ar	-5.298399069686112	0.0	0.0
Ar	6.798399069686112	0.0	0.0
2

Ar	-5.3590173198314	0.0	0.0
Ar	6.8590173198314	0.0	0.0
2

Ar	-5.419635576094896	0.0	0.0
Ar	6.919635576094896	0.0	0.0
2

Ar	-5.480253838065975	0.0	0.0
Ar	6.980253838065975	0.0	0.0
2

Ar	-5.540872105365209	0.0	0.0
Ar	7.040872105365209	0.0	0.0
2

Ar	-5.601490377641726	0.0	0.0
Ar	7.101490377641726	0.0	0.0
2

Ar	-5.662108654570813	0.0	0.0
Ar	7.162108654570813	0.0	0.0
2

Ar	-5.7227269358517425	0.0	0.0
Ar	7.2227269358517425	0.0	0.0
2

Ar	-5.783345221205799	0.0	0.0
Ar	7.283345221205799	0.0	0.0
2

Ar	-5.843963510374483	0.0	0.0
Ar	7.343963510374483	0.0	0.0
2

Ar	-5.904581803117874	0.0	0.0
Ar	7.404581803117874	0.0	0.0
2

Ar	-5.965200099213143	0.0	0.0
Ar	7.465200099213143	0.0	0.0
2

Ar	-6.025818398453196	0.0	0.0
Ar	7.525818398453196	0.0	0.0
2

Ar	-6.086436700645432	0.0	0.0
Ar	7.586436700645432	0.0	0.0
2

Ar	-6.147055005610617	0.0	0.0
Ar	7.647055005610617	0.0	0.0
2

Ar	-6.207673313181842	0.0	0.0
Ar	7.707673313181842	0.0	0.0
2

Ar	-6.268291623203584	0.0	0.0
Ar	7.768291623203584	0.0	0.0
2

Ar	-6.328909935530838	0.0	0.0
Ar	7.828909935530838	0.0	0.0
2

Ar	-6.389528250028321	0.0	0.0
Ar	7.889528250028321	0.0	0.0
2

Ar	-6.450146566569748	0.0	0.0
Ar	7.950146566569748	0.0	0.0
2

Ar	-6.510764885037161	0.0	0.0
Ar	8.01076488503716	0.0	0.0
2

Ar	-6.57138320532032	0.0	0.0
Ar	8.07138320532032	0.0	0.0
2

Ar	-6.632001527316137	0.0	0.0
Ar	8.132001527316138	0.0	0.0
2

Ar	-6.6926198509281605	0.0	0.0
Ar	8.19261985092816	0.0	0.0
2

Ar	-6.753238176066095	0.0	0.0
Ar	8.253238176066095	0.0	0.0
2

Ar	-6.813856502645365	0.0	0.0
Ar	8.313856502645365	0.0	0.0
2

Ar	-6.874474830586711	0.0	0.0
Ar	8.374474830586712	0.0	0.0
2

Ar	-6.935093159815815	0.0	0.0
Ar	8.435093159815816	0.0	0.0
2

Ar	-6.995711490262958	0.0	0.0
Ar	8.49571149026296	0.0	0.0
2

Ar	-7.056329821862702	0.0	0.0
Ar	8.556329821862704	0.0	0.0
2

Ar	-7.1169481545535955	0.0	0.0
Ar	8.616948154553597	0.0	0.0
2

Ar	-7.177566488277902	0.0	0.0
Ar	8.677566488277904	0.0	0.0
2

Ar	-7.238184822981353	0.0	0.0
Ar	8.738184822981355	0.0	0.0
2

Ar	-7.298803158612909	0.0	0.0
Ar	8.79880315861291	0.0	0.0
2

Ar	-7.359421495124551	0.0	0.0
Ar	8.859421495124554	0.0	0.0
2

Ar	-7.420039832471079	0.0	0.0
Ar	8.920039832471081	0.0	0.0
2

Ar	-7.480658170609924	0.0	0.0
Ar	8.980658170609928	0.0	0.0
2

Ar	-7.5412765095009835	0.0	0.0
Ar	9.041276509500987	0.0	0.0
2

Ar	-7.601894849106454	0.0	0.0
Ar	9.101894849106458	0.0	0.0
2

Ar	-7.662513189390691	0.0	0.0
Ar	9.162513189390694	0.0	0.0
2

Ar	-7.723131530320066	0.0	0.0
Ar	9.22313153032007	0.0	0.0
2

Ar	-7.783749871862841	0.0	0.0
Ar	9.283749871862845	0.0	0.0
2

Ar	-7.844368213989052	0.0	0.0
Ar	9.344368213989057	0.0	0.0
2

Ar	-7.904986556670394	0.0	0.0
Ar	9.4049865566704	0.0	0.0
2

Ar	-7.965604899880123	0.0	0.0
Ar	9.465604899880129	0.0	0.0
2

Ar	-8.026223243592955	0.0	0.0
Ar	9.52622324359296	0.0	0.0
2

Ar	-8.086841587784981	0.0	0.0
Ar	9.586841587784987	0.0	0.0
2

Ar	-8.14745993243358	0.0	0.0
Ar	9.647459932433586	0.0	0.0
2

Ar	-8.208078277517345	0.0	0.0
Ar	9.70807827751735	0.0	0.0
2

Ar	-8.268696623016007	0.0	0.0
Ar	9.768696623016012	0.0	0.0
2

Ar	-8.32931496891037	0.0	0.0
Ar	9.829314968910376	0.0	0.0
2

Ar	-8.389933315182246	0.0	0.0
Ar	9.889933315182251	0.0	0.0
2

Ar	-8.450551661814394	0.0	0.0
Ar	9.9505516618144	0.0	0.0
2

Ar	-8.511170008790472	0.0	0.0
Ar	10.011170008790478	0.0	0.0
2

Ar	-8.571788356094975	0.0	0.0
Ar	10.07178835609498	0.0	0.0
2

Ar	-8.632406703713196	0.0	0.0
Ar	10.132406703713201	0.0	0.0
2

Ar	-8.69302505163117	0.0	0.0
Ar	10.193025051631174	0.0	0.0
2

Ar	-8.753643399835642	0.0	0.0
Ar	10.253643399835648	0.0	0.0
2

Ar	-8.814261748314024	0.0	0.0
Ar	10.31426174831403	0.0	0.0
2

Ar	-8.874880097054353	0.0	0.0
Ar	10.374880097054358	0.0	0.0
2

Ar	-8.93549844604526	0.0	0.0
Ar	10.435498446045266	0.0	0.0
2

Ar	-8.996116795275938	0.0	0.0
Ar	10.496116795275944	0.0	0.0
2

Ar	-9.056735144736107	0.0	0.0
Ar	10.556735144736113	0.0	0.0
2

Ar	-9.11735349441599	0.0	0.0
Ar	10.617353494415996	0.0	0.0
2

Ar	-9.177971844306283	0.0	0.0
Ar	10.677971844306288	0.0	0.0
2

Ar	-9.238590194398126	0.0	0.0
Ar	10.738590194398132	0.0	0.0
2

Ar	-9.299208544683088	0.0	0.0
Ar	10.799208544683093	0.0	0.0
2

Ar	-9.359826895153136	0.0	0.0
Ar	10.859826895153141	0.0	0.0
2

Ar	-9.420445245800614	0.0	0.0
Ar	10.92044524580062	0.0	0.0
2

Ar	-9.481063596618233	0.0	0.0
Ar	10.981063596618238	0.0	0.0
2

Ar	-9.541681947599038	0.0	0.0
Ar	11.041681947599043	0.0	0.0
2

Ar	-9.602300298736399	0.0	0.0
Ar	11.102300298736404	0.0	0.0
2

Ar	-9.662918650023991	0.0	0.0
Ar	11.162918650023997	0.0	0.0
2

Ar	-9.723537001455782	0.0	0.0
Ar	11.223537001455787	0.0	0.0
2

Ar	-9.78415535302601	0.0	0.0
Ar	11.284155353026016	0.0	0.0
2

Ar	-9.844773704729182	0.0	0.0
Ar	11.344773704729187	0.0	0.0
2

Ar	-9.905392056560048	0.0	0.0
Ar	11.405392056560054	0.0	0.0
2

Ar	-9.966010408513593	0.0	0.0
Ar	11.466010408513599	0.0	0.0
2

Ar	-10.02662876058503	0.0	0.0
Ar	11.526628760585035	0.0	0.0
2

Ar	-10.087247112769779	0.0	0.0
Ar	11.587247112769784	0.0	0.0
2

Ar	-10.147865465063466	0.0	0.0
Ar	11.647865465063472	0.0	0.0
2

Ar	-10.208483817461907	0.0	0.0
Ar	11.708483817461913	0.0	0.0
2

Ar	-10.269102169961101	0.0	0.0
Ar	11.769102169961107	0.0	0.0
2

Ar	-10.329720522557222	0.0	0.0
Ar	11.829720522557228	0.0	0.0
2

Ar	-10.39033887524661	0.0	0.0
Ar	11.890338875246615	0.0	0.0
2

Ar	-10.450957228025757	0.0	0.0
Ar	11.950957228025763	0.0	0.0
2

Ar	-10.51157558089131	0.0	0.0
Ar	12.011575580891316	0.0	0.0
2

Ar	-10.572193933840056	0.0	0.0
Ar	12.072193933840062	0.0	0.0
2

Ar	-10.63281228686892	0.0	0.0
Ar	12.132812286868925	0.0	0.0
2

Ar	-10.693430639974952	0.0	0.0
Ar	12.193430639974958	0.0	0.0
2

Ar	-10.754048993155331	0.0	0.0
Ar	12.254048993155337	0.0	0.0
2

Ar	-10.814667346407349	0.0	0.0
Ar	12.314667346407354	0.0	0.0
2

Ar	-10.875285699728412	0.0	0.0
Ar	12.375285699728417	0.0	0.0
2

Ar	-10.935904053116031	0.0	0.0
Ar	12.435904053116037	0.0	0.0
2

Ar	-10.996522406567824	0.0	0.0
Ar	12.496522406567829	0.0	0.0
2

Ar	-11.057140760081499	0.0	0.0
Ar	12.557140760081504	0.0	0.0
2

Ar	-11.117759113654861	0.0	0.0
Ar	12.617759113654866	0.0	0.0
2

Ar	-11.178377467285802	0.0	0.0
Ar	12.678377467285808	0.0	0.0
2

Ar	-11.238995820972303	0.0	0.0
Ar	12.738995820972308	0.0	0.0
2

Ar	-11.299614174712419	0.0	0.0
Ar	12.799614174712424	0.0	0.0
2

Ar	-11.360232528504286	0.0	0.0
Ar	12.86023252850429	0.0	0.0
2

Ar	-11.420850882346114	0.0	0.0
Ar	12.92085088234612	0.0	0.0
2

Ar	-11.481469236236183	0.0	0.0
Ar	12.981469236236189	0.0	0.0
2

Ar	-11.542087590172839	0.0	0.0
Ar	13.042087590172844	0.0	0.0
2

Ar	-11.602705944154494	0.0	0.0
Ar	13.102705944154499	0.0	0.0
2

Ar	-11.66332429817962	0.0	0.0
Ar	13.163324298179626	0.0	0.0
2

Ar	-11.723942652246752	0.0	0.0
Ar	13.223942652246757	0.0	0.0
2

Ar	-11.784561006354474	0.0	0.0
Ar	13.28456100635448	0.0	0.0
2

Ar	-11.845179360501431	0.0	0.0
Ar	13.345179360501437	0.0	0.0
2

Ar	-11.905797714686317	0.0	0.0
Ar	13.405797714686322	0.0	0.0
2

Ar	-11.966416068907876	0.0	0.0
Ar	13.466416068907881	0.0	0.0
2

Ar	-12.027034423164896	0.0	0.0
Ar	13.527034423164901	0.0	0.0
2

Ar	-12.087652777456215	0.0	0.0
Ar	13.58765277745622	0.0	0.0
2

Ar	-12.148271131780714	0.0	0.0
Ar	13.648271131780719	0.0	0.0
2

Ar	-12.208889486137311	0.0	0.0
Ar	13.708889486137316	0.0	0.0
2

Ar	-12.26950784052497	0.0	0.0
Ar	13.769507840524975	0.0	0.0
2

Ar	-12.330126194942688	0.0	0.0
Ar	13.830126194942693	0.0	0.0
2

Ar	-12.390744549389503	0.0	0.0
Ar	13.890744549389508	0.0	0.0
2

Ar	-12.451362903864485	0.0	0.0
Ar	13.95136290386449	0.0	0.0
2

Ar	-12.51198125836674	0.0	0.0
Ar	14.011981258366745	0.0	0.0
2

Ar	-12.572599612895404	0.0	0.0
Ar	14.07259961289541	0.0	0.0
2

Ar	-12.633217967449646	0.0	0.0
Ar	14.133217967449651	0.0	0.0
2

Ar	-12.693836322028664	0.0	0.0
Ar	14.19383632202867	0.0	0.0
2

Ar	-12.754454676631685	0.0	0.0
Ar	14.25445467663169	0.0	0.0
2

Ar	-12.815073031257963	0.0	0.0
Ar	14.315073031257969	0.0	0.0
2

Ar	-12.875691385906778	0.0	0.0
Ar	14.375691385906784	0.0	0.0
2

Ar	-12.936309740577437	0.0	0.0
Ar	14.436309740577443	0.0	0.0
2

Ar	-12.99692809526927	0.0	0.0
Ar	14.496928095269276	0.0	0.0
2

Ar	-13.05754644998163	0.0	0.0
Ar	14.557546449981634	0.0	0.0
2

Ar	-13.118164804713892	0.0	0.0
Ar	14.618164804713897	0.0	0.0
2

Ar	-13.178783159465457	0.0	0.0
Ar	14.678783159465462	0.0	0.0
2

Ar	-13.239401514235741	0.0	0.0
Ar	14.739401514235746	0.0	0.0
2

Ar	-13.300019869024181	0.0	0.0
Ar	14.800019869024187	0.0	0.0
2

Ar	-13.360638223830238	0.0	0.0
Ar	14.860638223830243	0.0	0.0
2

Ar	-13.421256578653384	0.0	0.0
Ar	14.92125657865339	0.0	0.0
2

Ar	-13.481874933493115	0.0	0.0
Ar	14.98187493349312	0.0	0.0
2

Ar	-13.542493288348942	0.0	0.0
Ar	15.042493288348947	0.0	0.0
2

Ar	-13.603111643220391	0.0	0.0
Ar	15.103111643220396	0.0	0.0
2

Ar	-13.663729998107007	0.0	0.0
Ar	15.163729998107012	0.0	0.0
2

Ar	-13.724348353008345	0.0	0.0
Ar	15.22434835300835	0.0	0.0
2

Ar	-13.784966707923981	0.0	0.0
Ar	15.284966707923987	0.0	0.0
2

Ar	-13.8455850628535	0.0	0.0
Ar	15.345585062853505	0.0	0.0
2

Ar	-13.906203417796503	0.0	0.0
Ar	15.406203417796508	0.0	0.0
2

Ar	-13.966821772752605	0.0	0.0
Ar	15.46682177275261	0.0	0.0
2

Ar	-14.02744012772143	0.0	0.0
Ar	15.527440127721436	0.0	0.0
2

Ar	-14.088058482702618	0.0	0.0
Ar	15.588058482702623	0.0	0.0
2

Ar	-14.148676837695817	0.0	0.0
Ar	15.648676837695822	0.0	0.0
2

Ar	-14.20929519270069	0.0	0.0
Ar	15.709295192700695	0.0	0.0
2

Ar	-14.269913547716909	0.0	0.0
Ar	15.769913547716914	0.0	0.0
2

Ar	-14.330531902744157	0.0	0.0
Ar	15.830531902744163	0.0	0.0
2

Ar	-14.391150257782126	0.0	0.0
Ar	15.891150257782131	0.0	0.0
2

Ar	-14.45176861283052	0.0	0.0
Ar	15.951768612830525	0.0	0.0
2

Ar	-14.51238696788905	0.0	0.0
Ar	16.012386967889054	0.0	0.0
2

Ar	-14.573005322957435	0.0	0.0
Ar	16.07300532295744	0.0	0.0
2

Ar	-14.633623678035407	0.0	0.0
Ar	16.133623678035413	0.0	0.0
2

Ar	-14.694242033122704	0.0	0.0
Ar	16.19424203312271	0.0	0.0
2

Ar	-14.754860388219072	0.0	0.0
Ar	16.254860388219075	0.0	0.0
2

Ar	-14.815478743324265	0.0	0.0
Ar	16.31547874332427	0.0	0.0
2

Ar	-14.876097098438045	0.0	0.0
Ar	16.376097098438052	0.0	0.0
2

Ar	-14.936715453560181	0.0	0.0
Ar	16.43671545356019	0.0	0.0
2

Ar	-14.997333808690449	0.0	0.0
Ar	16.49733380869046	0.0	0.0
2

Ar	-15.057952163828633	0.0	0.0
Ar	16.55795216382864	0.0	0.0
2

Ar	-15.11857051897452	0.0	0.0
Ar	16.61857051897453	0.0	0.0
2

Ar	-15.17918887412791	0.0	0.0
Ar	16.679188874127917	0.0	0.0
2

Ar	-15.239807229288601	0.0	0.0
Ar	16.73980722928861	0.0	0.0
2

Ar	-15.300425584456404	0.0	0.0
Ar	16.80042558445641	0.0	0.0
2

Ar	-15.36104393963113	0.0	0.0
Ar	16.861043939631134	0.0	0.0
2

Ar	-15.4216622948126	0.0	0.0
Ar	16.921662294812606	0.0	0.0
2

Ar	-15.48228065000064	0.0	0.0
Ar	16.982280650000643	0.0	0.0
2

Ar	-15.542899005195077	0.0	0.0
Ar	17.04289900519508	0.0	0.0
2

Ar	-15.603517360395747	0.0	0.0
Ar	17.10351736039575	0.0	0.0
2

Ar	-15.664135715602491	0.0	0.0
Ar	17.16413571560249	0.0	0.0
2

Ar	-15.724754070815152	0.0	0.0
Ar	17.224754070815152	0.0	0.0
2

Ar	-15.785372426033579	0.0	0.0
Ar	17.28537242603358	0.0	0.0
2

Ar	-15.845990781257626	0.0	0.0
Ar	17.345990781257626	0.0	0.0
2

Ar	-15.90660913648715	0.0	0.0
Ar	17.406609136487152	0.0	0.0
2

Ar	-15.967227491722014	0.0	0.0
Ar	17.467227491722014	0.0	0.0
2

Ar	-16.02784584696208	0.0	0.0
Ar	17.52784584696208	0.0	0.0
2

Ar	-16.088464202207224	0.0	0.0
Ar	17.588464202207224	0.0	0.0
2

Ar	-16.149082557457312	0.0	0.0
Ar	17.649082557457312	0.0	0.0
2

Ar	-16.209700912712226	0.0	0.0
Ar	17.709700912712226	0.0	0.0
2

Ar	-16.270319267971846	0.0	0.0
Ar	17.770319267971846	0.0	0.0
2

Ar	-16.330937623236053	0.0	0.0
Ar	17.830937623236053	0.0	0.0
2

Ar	-16.391555978504737	0.0	0.0
Ar	17.891555978504737	0.0	0.0
2

Ar	-16.452174333777787	0.0	0.0
Ar	17.952174333777787	0.0	0.0
2

Ar	-16.512792689055097	0.0	0.0
Ar	18.012792689055097	0.0	0.0
2

Ar	-16.57341104433656	0.0	0.0
Ar	18.07341104433656	0.0	0.0
2

Ar	-16.63402939962208	0.0	0.0
Ar	18.13402939962208	0.0	0.0
2

Ar	-16.694647754911554	0.0	0.0
Ar	18.194647754911554	0.0	0.0
2

Ar	-16.75526611020489	0.0	0.0
Ar	18.25526611020489	0.0	0.0
2

Ar	-16.815884465501995	0.0	0.0
Ar	18.315884465501995	0.0	0.0
2

Ar	-16.876502820802777	0.0	0.0
Ar	18.376502820802777	0.0	0.0
2

Ar	-16.937121176107148	0.0	0.0
Ar	18.437121176107148	0.0	0.0
2

Ar	-16.997739531415025	0.0	0.0
Ar	18.497739531415025	0.0	0.0
2

Ar	-17.058357886726323	0.0	0.0
Ar	18.558357886726323	0.0	0.0
2

Ar	-17.11897624204096	0.0	0.0
Ar	18.61897624204096	0.0	0.0
2

Ar	-17.179594597358864	0.0	0.0
Ar	18.679594597358864	0.0	0.0
2

Ar	-17.24021295267995	0.0	0.0
Ar	18.74021295267995	0.0	0.0
2

Ar	-17.30083130800415	0.0	0.0
Ar	18.80083130800415	0.0	0.0
2

Ar	-17.361449663331385	0.0	0.0
Ar	18.861449663331385	0.0	0.0
2

Ar	-17.42206801866159	0.0	0.0
Ar	18.92206801866159	0.0	0.0
2

Ar	-17.482686373994696	0.0	0.0
Ar	18.982686373994696	0.0	0.0
2

Ar	-17.543304729330632	0.0	0.0
Ar	19.043304729330632	0.0	0.0
2

Ar	-17.603923084669336	0.0	0.0
Ar	19.103923084669336	0.0	0.0
2

Ar	-17.664541440010744	0.0	0.0
Ar	19.164541440010744	0.0	0.0
2

Ar	-17.72515979535479	0.0	0.0
Ar	19.22515979535479	0.0	0.0
2

Ar	-17.78577815070142	0.0	0.0
Ar	19.28577815070142	0.0	0.0
2

Ar	-17.846396506050574	0.0	0.0
Ar	19.346396506050574	0.0	0.0
2

Ar	-17.907014861402192	0.0	0.0
Ar	19.407014861402192	0.0	0.0
2

Ar	-17.967633216756223	0.0	0.0
Ar	19.467633216756223	0.0	0.0
2

Ar	-18.02825157211261	0.0	0.0
Ar	19.52825157211261	0.0	0.0
2

Ar	-18.088869927471297	0.0	0.0
Ar	19.588869927471297	0.0	0.0
2

Ar	-18.149488282832237	0.0	0.0
Ar	19.649488282832237	0.0	0.0
2

Ar	-18.21010663819538	0.0	0.0
Ar	19.71010663819538	0.0	0.0
2

Ar	-18.270724993560677	0.0	0.0
Ar	19.770724993560677	0.0	0.0
2

Ar	-18.331343348928076	0.0	0.0
Ar	19.831343348928076	0.0	0.0
2

Ar	-18.391961704297536	0.0	0.0
Ar	19.891961704297536	0.0	0.0
2

Ar	-18.45258005966901	0.0	0.0
Ar	19.95258005966901	0.0	0.0
2

Ar	-18.513198415042453	0.0	0.0
Ar	20.013198415042453	0.0	0.0
2

Ar	-18.57381677041782	0.0	0.0
Ar	20.07381677041782	0.0	0.0
2

Ar	-18.634435125795076	0.0	0.0
Ar	20.134435125795076	0.0	0.0
2

Ar	-18.69505348117417	0.0	0.0
Ar	20.19505348117417	0.0	0.0
2

Ar	-18.75567183655507	0.0	0.0
Ar	20.25567183655507	0.0	0.0
2

Ar	-18.816290191937735	0.0	0.0
Ar	20.316290191937735	0.0	0.0
2

Ar	-18.876908547322127	0.0	0.0
Ar	20.376908547322127	0.0	0.0
2

Ar	-18.937526902708207	0.0	0.0
Ar	20.437526902708207	0.0	0.0
2

Ar	-18.998145258095942	0.0	0.0
Ar	20.498145258095942	0.0	0.0
2

Ar	-19.058763613485294	0.0	0.0
Ar	20.558763613485294	0.0	0.0
2

Ar	-19.11938196887623	0.0	0.0
Ar	20.61938196887623	0.0	0.0
2

Ar	-19.180000324268715	0.0	0.0
Ar	20.680000324268715	0.0	0.0
2

Ar	-19.240618679662717	0.0	0.0
Ar	20.740618679662717	0.0	0.0
2

Ar	-19.301237035058204	0.0	0.0
Ar	20.801237035058204	0.0	0.0
2

Ar	-19.361855390455148	0.0	0.0
Ar	20.861855390455148	0.0	0.0
2

Ar	-19.422473745853516	0.0	0.0
Ar	20.922473745853516	0.0	0.0
2

Ar	-19.483092101253277	0.0	0.0
Ar	20.983092101253277	0.0	0.0
2

Ar	-19.543710456654402	0.0	0.0
Ar	21.043710456654402	0.0	0.0
2

Ar	-19.604328812056863	0.0	0.0
Ar	21.104328812056863	0.0	0.0
2

Ar	-19.664947167460635	0.0	0.0
Ar	21.164947167460635	0.0	0.0
2

Ar	-19.72556552286569	0.0	0.0
Ar	21.22556552286569	0.0	0.0
2

Ar	-19.786183878272	0.0	0.0
Ar	21.286183878272	0.0	0.0
2

Ar	-19.846802233679536	0.0	0.0
Ar	21.346802233679536	0.0	0.0
2

Ar	-19.907420589088282	0.0	0.0
Ar	21.407420589088282	0.0	0.0
2

Ar	-19.968038944498208	0.0	0.0
Ar	21.468038944498208	0.0	0.0
2

Ar	-20.028657299909288	0.0	0.0
Ar	21.528657299909288	0.0	0.0
2

Ar	-20.0892756553215	0.0	0.0
Ar	21.5892756553215	0.0	0.0
2

Ar	-20.149894010734823	0.0	0.0
Ar	21.649894010734823	0.0	0.0
2

Ar	-20.210512366149235	0.0	0.0
Ar	21.710512366149235	0.0	0.0
2

Ar	-20.27113072156471	0.0	0.0
Ar	21.77113072156471	0.0	0.0
2

Ar	-20.33174907698123	0.0	0.0
Ar	21.83174907698123	0.0	0.0
2

Ar	-20.39236743239877	0.0	0.0
Ar	21.89236743239877	0.0	0.0
2

Ar	-20.45298578781732	0.0	0.0
Ar	21.95298578781732	0.0	0.0
2

Ar	-20.51360414323685	0.0	0.0
Ar	22.01360414323685	0.0	0.0
2

Ar	-20.574222498657345	0.0	0.0
Ar	22.074222498657345	0.0	0.0
2

Ar	-20.634840854078785	0.0	0.0
Ar	22.134840854078785	0.0	0.0
2

Ar	-20.69545920950115	0.0	0.0
Ar	22.19545920950115	0.0	0.0
2

Ar	-20.75607756492442	0.0	0.0
Ar	22.25607756492442	0.0	0.0
2

Ar	-20.816695920348582	0.0	0.0
Ar	22.316695920348582	0.0	0.0
2

Ar	-20.877314275773617	0.0	0.0
Ar	22.377314275773617	0.0	0.0
2

Ar	-20.93793263119951	0.0	0.0
Ar	22.43793263119951	0.0	0.0
2

Ar	-20.99855098662624	0.0	0.0
Ar	22.49855098662624	0.0	0.0
2

Ar	-21.05916934205379	0.0	0.0
Ar	22.55916934205379	0.0	0.0
2

Ar	-21.11978769748215	0.0	0.0
Ar	22.61978769748215	0.0	0.0
2

Ar	-21.180406052911298	0.0	0.0
Ar	22.680406052911298	0.0	0.0
2

Ar	-21.241024408341225	0.0	0.0
Ar	22.741024408341225	0.0	0.0
2

Ar	-21.301642763771913	0.0	0.0
Ar	22.801642763771913	0.0	0.0
2

Ar	-21.362261119203346	0.0	0.0
Ar	22.862261119203346	0.0	0.0
2

Ar	-21.42287947463551	0.0	0.0
Ar	22.92287947463551	0.0	0.0
2

Ar	-21.483497830068398	0.0	0.0
Ar	22.983497830068398	0.0	0.0
2

Ar	-21.544116185501988	0.0	0.0
Ar	23.044116185501988	0.0	0.0
2

Ar	-21.60473454093627	0.0	0.0
Ar	23.10473454093627	0.0	0.0
2

Ar	-21.665352896371232	0.0	0.0
Ar	23.165352896371232	0.0	0.0
2

Ar	-21.725971251806858	0.0	0.0
Ar	23.225971251806858	0.0	0.0
2

Ar	-21.786589607243137	0.0	0.0
Ar	23.286589607243137	0.0	0.0
2

Ar	-21.847207962680056	0.0	0.0
Ar	23.347207962680056	0.0	0.0
2

Ar	-21.907826318117603	0.0	0.0
Ar	23.407826318117603	0.0	0.0
2

Ar	-21.96844467355577	0.0	0.0
Ar	23.46844467355577	0.0	0.0
2

Ar	-22.029063028994543	0.0	0.0
Ar	23.529063028994543	0.0	0.0
2

Ar	-22.08968138443391	0.0	0.0
Ar	23.58968138443391	0.0	0.0
2

Ar	-22.15029973987386	0.0	0.0
Ar	23.65029973987386	0.0	0.0
2

Ar	-22.210918095314383	0.0	0.0
Ar	23.710918095314383	0.0	0.0
2

Ar	-22.27153645075547	0.0	0.0
Ar	23.77153645075547	0.0	0.0
2

Ar	-22.332154806197106	0.0	0.0
Ar	23.832154806197106	0.0	0.0
2

Ar	-22.392773161639287	0.0	0.0
Ar	23.892773161639287	0.0	0.0
2

Ar	-22.453391517082	0.0	0.0
Ar	23.953391517082	0.0	0.0
2

Ar	-22.514009872525236	0.0	0.0
Ar	24.014009872525236	0.0	0.0
2

Ar	-22.574628227968983	0.0	0.0
Ar	24.074628227968983	0.0	0.0
2

Ar	-22.635246583413235	0.0	0.0
Ar	24.135246583413235	0.0	0.0
2

Ar	-22.69586493885798	0.0	0.0
Ar	24.19586493885798	0.0	0.0
2

Ar	-22.756483294303212	0.0	0.0
Ar	24.256483294303212	0.0	0.0
2

Ar	-22.817101649748924	0.0	0.0
Ar	24.317101649748924	0.0	0.0
2

Ar	-22.8777200051951	0.0	0.0
Ar	24.3777200051951	0.0	0.0
2

Ar	-22.93833836064174	0.0	0.0
Ar	24.43833836064174	0.0	0.0
2

Ar	-22.99895671608883	0.0	0.0
Ar	24.49895671608883	0.0	0.0
2

Ar	-23.059575071536365	0.0	0.0
Ar	24.559575071536365	0.0	0.0
2

Ar	-23.120193426984336	0.0	0.0
Ar	24.620193426984336	0.0	0.0
2

Ar	-23.180811782432738	0.0	0.0
Ar	24.680811782432738	0.0	0.0
2

Ar	-23.241430137881558	0.0	0.0
Ar	24.741430137881558	0.0	0.0
2

Ar	-23.30204849333079	0.0	0.0
Ar	24.80204849333079	0.0	0.0
2

Ar	-23.36266684878043	0.0	0.0
Ar	24.86266684878043	0.0	0.0
2

Ar	-23.42328520423047	0.0	0.0
Ar	24.92328520423047	0.0	0.0
2

Ar	-23.4839035596809	0.0	0.0
Ar	24.9839035596809	0.0	0.0
2

Ar	-23.544521915131718	0.0	0.0
Ar	25.044521915131718	0.0	0.0
2

Ar	-23.605140270582915	0.0	0.0
Ar	25.105140270582915	0.0	0.0
2

Ar	-23.66575862603448	0.0	0.0
Ar	25.16575862603448	0.0	0.0
2

Ar	-23.726376981486414	0.0	0.0
Ar	25.226376981486414	0.0	0.0
2

Ar	-23.786995336938705	0.0	0.0
Ar	25.286995336938705	0.0	0.0
2

Ar	-23.847613692391352	0.0	0.0
Ar	25.347613692391352	0.0	0.0
2

Ar	-23.908232047844344	0.0	0.0
Ar	25.408232047844344	0.0	0.0
2

Ar	-23.96885040329768	0.0	0.0
Ar	25.46885040329768	0.0	0.0
2

Ar	-24.02946875875135	0.0	0.0
Ar	25.52946875875135	0.0	0.0
2

Ar	-24.09008711420535	0.0	0.0
Ar	25.59008711420535	0.0	0.0
2

Ar	-24.150705469659673	0.0	0.0
Ar	25.650705469659673	0.0	0.0
2

Ar	-24.211323825114317	0.0	0.0
Ar	25.711323825114317	0.0	0.0
2

Ar	-24.271942180569273	0.0	0.0
Ar	25.771942180569273	0.0	0.0
2

Ar	-24.332560536024534	0.0	0.0
Ar	25.832560536024534	0.0	0.0
2

Ar	-24.3931788914801	0.0	0.0
Ar	25.8931788914801	0.0	0.0
2

Ar	-24.453797246935963	0.0	0.0
Ar	25.953797246935963	0.0	0.0
2

Ar	-24.51441560239212	0.0	0.0
Ar	26.01441560239212	0.0	0.0
2

Ar	-24.575033957848564	0.0	0.0
Ar	26.075033957848564	0.0	0.0
2

Ar	-24.635652313305293	0.0	0.0
Ar	26.135652313305293	0.0	0.0
2

Ar	-24.6962706687623	0.0	0.0
Ar	26.1962706687623	0.0	0.0
2

Ar	-24.75688902421958	0.0	0.0
Ar	26.25688902421958	0.0	0.0
2

Ar	-24.817507379677128	0.0	0.0
Ar	26.317507379677128	0.0	0.0
2

Ar	-24.87812573513494	0.0	0.0
Ar	26.37812573513494	0.0	0.0
2

Ar	-24.938744090593012	0.0	0.0
Ar	26.438744090593012	0.0	0.0
2

Ar	-24.999362446051343	0.0	0.0
Ar	26.499362446051343	0.0	0.0
2

Ar	-25.059980801509923	0.0	0.0
Ar	26.559980801509923	0.0	0.0
2

Ar	-25.12059915696875	0.0	0.0
Ar	26.62059915696875	0.0	0.0
2

Ar	-25.181217512427825	0.0	0.0
Ar	26.681217512427825	0.0	0.0
2

Ar	-25.241835867887136	0.0	0.0
Ar	26.741835867887136	0.0	0.0
2

Ar	-25.302454223346686	0.0	0.0
Ar	26.802454223346686	0.0	0.0
2

Ar	-25.363072578806467	0.0	0.0
Ar	26.863072578806467	0.0	0.0
2

Ar	-25.423690934266475	0.0	0.0
Ar	26.923690934266475	0.0	0.0
2

Ar	-25.48430928972671	0.0	0.0
Ar	26.98430928972671	0.0	0.0
2

Ar	-25.544927645187165	0.0	0.0
Ar	27.044927645187165	0.0	0.0
2

Ar	-25.605546000647838	0.0	0.0
Ar	27.105546000647838	0.0	0.0
2

Ar	-25.666164356108723	0.0	0.0
Ar	27.166164356108723	0.0	0.0
2

Ar	-25.726782711569818	0.0	0.0
Ar	27.226782711569818	0.0	0.0
2

Ar	-25.787401067031123	0.0	0.0
Ar	27.287401067031123	0.0	0.0
2

Ar	-25.84801942249263	0.0	0.0
Ar	27.34801942249263	0.0	0.0
2

Ar	-25.90863777795434	0.0	0.0
Ar	27.40863777795434	0.0	0.0
2

Ar	-25.969256133416245	0.0	0.0
Ar	27.469256133416245	0.0	0.0
2

Ar	-26.029874488878345	0.0	0.0
Ar	27.529874488878345	0.0	0.0
2

Ar	-26.090492844340638	0.0	0.0
Ar	27.590492844340638	0.0	0.0
2

Ar	-26.15111119980312	0.0	0.0
Ar	27.65111119980312	0.0	0.0
2

Ar	-26.211729555265784	0.0	0.0
Ar	27.711729555265784	0.0	0.0
2

Ar	-26.27234791072863	0.0	0.0
Ar	27.77234791072863	0.0	0.0
2

Ar	-26.332966266191658	0.0	0.0
Ar	27.832966266191658	0.0	0.0
2

Ar	-26.393584621654863	0.0	0.0
Ar	27.893584621654863	0.0	0.0
2

Ar	-26.454202977118243	0.0	0.0
Ar	27.954202977118243	0.0	0.0
2

Ar	-26.514821332581793	0.0	0.0
Ar	28.014821332581793	0.0	0.0
2

Ar	-26.57543968804551	0.0	0.0
Ar	28.07543968804551	0.0	0.0
2

Ar	-26.636058043509394	0.0	0.0
Ar	28.136058043509394	0.0	0.0
2

Ar	-26.69667639897344	0.0	0.0
Ar	28.19667639897344	0.0	0.0
2

Ar	-26.757294754437652	0.0	0.0
Ar	28.257294754437652	0.0	0.0
2

Ar	-26.81791310990202	0.0	0.0
Ar	28.31791310990202	0.0	0.0
2

Ar	-26.878531465366542	0.0	0.0
Ar	28.378531465366542	0.0	0.0
2

Ar	-26.93914982083122	0.0	0.0
Ar	28.43914982083122	0.0	0.0
2

Ar	-26.999768176296048	0.0	0.0
Ar	28.499768176296048	0.0	0.0
2

Ar	-27.060386531761026	0.0	0.0
Ar	28.560386531761026	0.0	0.0
2

Ar	-27.12100488722615	0.0	0.0
Ar	28.62100488722615	0.0	0.0
2

Ar	-27.18162324269142	0.0	0.0
Ar	28.68162324269142	0.0	0.0
2

Ar	-27.24224159815683	0.0	0.0
Ar	28.74224159815683	0.0	0.0
2

Ar	-27.302859953622384	0.0	0.0
Ar	28.802859953622384	0.0	0.0
2

Ar	-27.363478309088077	0.0	0.0
Ar	28.863478309088077	0.0	0.0
2

Ar	-27.424096664553904	0.0	0.0
Ar	28.924096664553904	0.0	0.0
2

Ar	-27.484715020019866	0.0	0.0
Ar	28.984715020019866	0.0	0.0
2

Ar	-27.54533337548596	0.0	0.0
Ar	29.04533337548596	0.0	0.0
2

Ar	-27.60595173095218	0.0	0.0
Ar	29.10595173095218	0.0	0.0
2

Ar	-27.66657008641853	0.0	0.0
Ar	29.16657008641853	0.0	0.0
2

Ar	-27.72718844188501	0.0	0.0
Ar	29.22718844188501	0.0	0.0
2

Ar	-27.78780679735161	0.0	0.0
Ar	29.28780679735161	0.0	0.0
2

Ar	-27.848425152818336	0.0	0.0
Ar	29.348425152818336	0.0	0.0
2

Ar	-27.90904350828518	0.0	0.0
Ar	29.40904350828518	0.0	0.0
2

Ar	-27.969661863752144	0.0	0.0
Ar	29.469661863752144	0.0	0.0
2

Ar	-28.030280219219225	0.0	0.0
Ar	29.530280219219225	0.0	0.0
2

Ar	-28.09089857468642	0.0	0.0
Ar	29.59089857468642	0.0	0.0
2

Ar	-28.151516930153733	0.0	0.0
Ar	29.651516930153733	0.0	0.0
2

Ar	-28.212135285621155	0.0	0.0
Ar	29.712135285621155	0.0	0.0
2

Ar	-28.272753641088688	0.0	0.0
Ar	29.772753641088688	0.0	0.0
2

Ar	-28.33337199655633	0.0	0.0
Ar	29.83337199655633	0.0	0.0
2

Ar	-28.39399035202408	0.0	0.0
Ar	29.89399035202408	0.0	0.0
2

Ar	-28.454608707491936	0.0	0.0
Ar	29.954608707491936	0.0	0.0
2

Ar	-28.515227062959895	0.0	0.0
Ar	30.015227062959895	0.0	0.0
2

Ar	-28.575845418427956	0.0	0.0
Ar	30.075845418427956	0.0	0.0
2

Ar	-28.63646377389612	0.0	0.0
Ar	30.13646377389612	0.0	0.0
2

Ar	-28.697082129364386	0.0	0.0
Ar	30.197082129364386	0.0	0.0
2

Ar	-28.757700484832746	0.0	0.0
Ar	30.257700484832746	0.0	0.0
2

Ar	-28.818318840301206	0.0	0.0
Ar	30.318318840301206	0.0	0.0
2

Ar	-28.878937195769762	0.0	0.0
Ar	30.378937195769762	0.0	0.0
2

Ar	-28.93955555123841	0.0	0.0
Ar	30.43955555123841	0.0	0.0
2

Ar	-29.00017390670715	0.0	0.0
Ar	30.50017390670715	0.0	0.0
2

Ar	-29.060792262175983	0.0	0.0
Ar	30.560792262175983	0.0	0.0
2

Ar	-29.121410617644905	0.0	0.0
Ar	30.621410617644905	0.0	0.0
2

Ar	-29.182028973113916	0.0	0.0
Ar	30.682028973113916	0.0	0.0
2

Ar	-29.242647328583015	0.0	0.0
Ar	30.742647328583015	0.0	0.0
2

Ar	-29.3032656840522	0.0	0.0
Ar	30.8032656840522	0.0	0.0
2

Ar	-29.36388403952147	0.0	0.0
Ar	30.86388403952147	0.0	0.0
2

Ar	-29.424502394990824	0.0	0.0
Ar	30.924502394990824	0.0	0.0
2

Ar	-29.48512075046026	0.0	0.0
Ar	30.98512075046026	0.0	0.0
2

Ar	-29.54573910592978	0.0	0.0
Ar	31.04573910592978	0.0	0.0
2

Ar	-29.60635746139938	0.0	0.0
Ar	31.10635746139938	0.0	0.0
2

Ar	-29.666975816869062	0.0	0.0
Ar	31.166975816869062	0.0	0.0
2

Ar	-29.727594172338822	0.0	0.0
Ar	31.227594172338822	0.0	0.0
2

Ar	-29.788212527808657	0.0	0.0
Ar	31.288212527808657	0.0	0.0
2

Ar	-29.84883088327857	0.0	0.0
Ar	31.34883088327857	0.0	0.0
2

Ar	-29.909449238748557	0.0	0.0
Ar	31.409449238748557	0.0	0.0
2

Ar	-29.97006759421862	0.0	0.0
Ar	31.47006759421862	0.0	0.0
2

Ar	-30.030685949688753	0.0	0.0
Ar	31.530685949688753	0.0	0.0
