3.215834537442646912e+00 1.593804839735557255e-01 5.131541420282135668e+00
3.764687921904748436e+00 8.055289178002215111e-01 6.563192225318342565e+00
4.853834357651023446e+00 5.922743740382968802e+00 2.974281897565527633e+00
4.989089668901235619e+00 2.697930694635219506e+00 3.838081308555810978e+00
2.082986606256309159e+00 5.649360128852931595e+00 6.665262371251026607e+00
4.988805508773277886e+00 5.720504033119122589e-01 3.347496555154007236e+00
7.240890274325795239e-01 1.292799952718383993e+00 5.220033416672858806e+00
6.636290274339096129e+00 5.993912502782456464e+00 3.919207991141029801e+00
3.180765099391161144e+00 4.355288494248205744e+00 6.622672874461292825e-01
4.239208307204259896e+00 6.744795956186893093e+00 5.776663493888511525e+00
1.533057544794084404e+00 3.483735467274201358e+00 4.195294300001902177e-01
3.111414935905382873e+00 4.467133083238409519e+00 2.436308893598249092e+00
3.528739984127609475e+00 3.720769714295827590e+00 1.806304292916858456e+00
1.802396093296080526e+00 4.286263416518161229e+00 1.001577033321135568e+00
8.509158793308277957e-01 6.677768468269293045e+00 1.776170179403295135e+00
6.403423267084737969e-01 5.877427261907425482e+00 3.254289337440328111e+00
5.877579501558064301e+00 6.544167514841740640e+00 2.815336540200996218e+00
5.309753562707189900e+00 8.118756308630920016e-01 1.002622050163539669e+00
2.281877753781819784e+00 1.898899933004764840e-01 6.430725342168162051e+00
3.231921360405361821e+00 4.159359117316228982e+00 3.823053253471308199e+00
3.112245490485411104e+00 4.524006302102834276e+00 5.179242483351351289e+00
1.140737011227356268e+00 3.676056706552571107e+00 1.704589660772117821e+00
5.194189787855588492e+00 3.501345241558832644e+00 6.178744719308656208e+00
2.027305210660502954e+00 3.730492928901715022e+00 2.345695652982882518e+00
5.495446102298648938e+00 3.427474138212786237e+00 4.946920600766296694e+00
5.252148064204799738e+00 1.614507058099821979e+00 4.185791424176003694e+00
1.374083495053226356e+00 6.756713498543051699e+00 5.272441587810187791e+00
7.092173971196626125e-02 5.289972243440542954e+00 6.833910790850357408e-02
7.643054748865034664e-01 4.970056757903867251e+00 4.793173649627606281e+00
4.201634807181093834e+00 3.335190719140825877e+00 4.890593189016983366e+00
5.938286441749792921e+00 6.783974233427919387e+00 7.379930566073620302e-01
4.751377888740223376e+00 5.127586382619020888e+00 1.081076994257913482e+00
3.069125301348996082e-01 1.392737262384181163e+00 3.608853138840216968e+00
5.072454840424036604e+00 3.377227385357560063e+00 3.010164274964112430e+00
3.815531377114630279e-02 3.430932132236547694e-01 2.861154456556674663e+00
3.515451461499329522e+00 5.085886683639850858e+00 3.665295661945683126e+00
5.269902294054189973e+00 4.964114280212794106e-01 5.011417393424464350e+00
6.373354744008755901e+00 1.679741205928810155e+00 5.369132497348854116e+00
6.071795328982585893e+00 2.184189646350216840e+00 6.493090611490481834e+00
6.280174358839602178e+00 3.760814309942699829e+00 4.144614431347814154e+00
3.970937581482232859e-01 2.929076377318766689e+00 5.510585260166771526e+00
4.474733870422396009e+00 4.057032414207831117e+00 1.137582103442134285e+00
5.813620540998266917e-02 3.051057994451981670e-01 1.099618758149780717e+00
6.179877204713823069e+00 3.117899295527185810e+00 2.094005376319262535e+00
3.484202837112588824e+00 5.402315215047023500e+00 4.587284515277770147e+00
5.840711536518472968e+00 4.781581124369112423e+00 3.111324407258781122e+00
6.004035181434107749e+00 5.789290816113629390e+00 6.768172765047435924e+00
5.400641544388173898e+00 2.417642298264031098e+00 5.709392874692031938e-01
2.305759667243870936e+00 9.268951570270300699e-01 1.710968181212227046e+00
1.271440544427916208e+00 3.219095562249810083e+00 5.150891885921324409e+00
1.392438572611341074e+00 4.349294339816888844e+00 6.673481675002126856e+00
2.082221202462527732e+00 4.369658820181170911e-01 2.523081590480288128e+00
4.579489933864030249e+00 6.615295261370920166e+00 6.715115266138010242e+00
3.130379139184809478e+00 3.520177793109580566e+00 2.678202414910244133e+00
4.423598246205602269e-01 6.216019694737257240e+00 6.004956479911127687e+00
9.194412998519538860e-01 3.008326229774756388e+00 4.218690562551491219e+00
5.114504137012754192e+00 6.250265075791511471e+00 2.018561676817607786e+00
2.064568583144547276e+00 2.147304792502473081e+00 2.115411005750690965e+00
5.434864302453696894e+00 4.536356212374144548e+00 1.414791218551528118e+00
6.377602467607204062e+00 3.011774886740197221e-01 5.000861833427150849e+00
6.026374194964351005e+00 3.657443517836610258e+00 2.884034435700483900e+00
1.534834335465779187e+00 4.344541587763689705e+00 3.088383071776108935e+00
2.722230791578489573e+00 3.447178980730867703e+00 3.628326332600265491e+00
3.296273796804480849e-01 6.256967536319849366e+00 5.012825446180840139e+00
2.462676003473752040e+00 2.889641397910309273e+00 2.978160841304744455e+00
2.366782426987566801e+00 6.192672939404125998e+00 9.045623121872726768e-01
2.534177738047105333e+00 5.935444584472406859e+00 4.074670049085038492e+00
2.507447604191073154e+00 2.305584740179054126e+00 1.148524068102369622e+00
4.326712780023179938e+00 5.550461514912865546e+00 3.898439200270813476e+00
4.884101553551973396e+00 5.024881002284859122e+00 4.461738180519264851e+00
3.354631665880115077e-01 1.575167162078409344e+00 1.718199191941703230e+00
5.866247930896156149e+00 5.668006070554387321e+00 3.505881533677493334e+00
2.543235235966663232e+00 5.202528788838000295e+00 8.624608344329921517e-01
5.662410105190086362e+00 5.536380026704970980e+00 2.379434122656943984e+00
1.810104056891510549e+00 1.569971248605123382e+00 4.185683536361168855e+00
3.632756380561210641e+00 4.804667498064794096e+00 1.511369387413438847e+00
2.410663678465415849e+00 6.751983005140978378e+00 3.368981513921097015e+00
2.357332722796265934e-01 4.830818522237721346e+00 1.974081531764006137e+00
3.882301298659078803e+00 4.242810425521142292e+00 4.608089902550405625e+00
4.185934669870916558e+00 4.074661585187216772e+00 3.677594849709961977e+00
5.308027908639873615e+00 3.692009986832399449e+00 6.251409869515509588e-01
5.308689036916437454e-01 3.385184485429451495e+00 7.895694635969325859e-01
5.868118740447851422e+00 1.128663335904070308e+00 3.665010267534530186e+00
3.129159323627301426e+00 1.207558578079693357e+00 7.185112442194210303e-01
6.402349394467006682e+00 2.427390473884713629e+00 1.142676697246271633e+00
1.217708462177721440e+00 5.445194853399602408e+00 5.479519269414133475e+00
4.159418518060055803e+00 5.141897823856916183e+00 5.350077606743834480e+00
1.098168170751737449e+00 1.968384602298081099e+00 2.576256047154624529e+00
3.496418884044325992e+00 1.065401779316367703e+00 4.442096930084201922e+00
4.075916821922743516e+00 1.355492485715914741e+00 1.134930204289425815e+00
4.950596707634992377e+00 1.863925406493891712e+00 1.541248183483365786e+00
6.099250930023152328e+00 4.368005342430848259e+00 5.715120596409044573e+00
4.331138523354287173e+00 3.029411657183253226e+00 9.760438352543112650e-01
3.510889175575728327e+00 1.282601086279705260e+00 3.473682201610293507e+00
4.180077050127082749e+00 5.087254510161252519e+00 2.615669747802947143e+00
5.007400267197734678e+00 6.384170740175900249e+00 3.930739181685353856e+00
4.594122739065234384e+00 4.121344045117441013e+00 5.474848123824320290e+00
3.556030636789563104e+00 1.340090559293581229e+00 5.476746993757714677e+00
7.396099734702167305e-01 6.569414589425001338e+00 3.983763020201392280e+00
1.648979899539502636e+00 5.609477229534142850e+00 4.503951925073014451e+00
2.975916892410814807e+00 2.225395044784896470e+00 3.470927581651142901e+00
1.299870870271560896e+00 4.229447180614253732e+00 4.874388666548009397e+00
1.192909900549965263e+00 2.183572406982292158e+00 5.841169678211685756e+00
5.986986215703348435e+00 2.214201050408829641e+00 3.820123193884513491e+00
2.634653174278798193e+00 3.903169824999394688e+00 1.587905538019756646e+00
8.101099399254430011e-01 4.529449125618338456e+00 5.907595382270822704e+00
1.410035823071175587e+00 1.422825791472021706e+00 1.684952077097112255e+00
3.944653827181459960e+00 2.592280892551158011e+00 2.597970862687805749e+00
3.938695577599182762e+00 6.297313082087619307e+00 4.558100409275519738e+00
3.397308090227952437e+00 4.522076948565622034e-01 2.652193576045689838e+00
8.270622954048498787e-01 5.610170330540140693e-01 4.601039540990237597e+00
5.714368914749035966e+00 5.833845167882400595e+00 1.222422255633371035e+00
4.598482059321918669e+00 1.353093754918123892e+00 5.191213500442376727e+00
5.709284792228000782e+00 3.204695620933168398e-01 3.998106030059893623e+00
2.199246726117058959e+00 3.137068358954004044e+00 6.067749517439752438e+00
2.231322426931657166e+00 5.632783367566300547e-02 4.822122326859384245e+00
1.423059269091109691e+00 5.755742955186380350e+00 2.003009974276209082e+00
4.356244279886645643e+00 1.201039376848568097e+00 3.886134610687476343e+00
5.748293690887877005e+00 6.209515881207892996e+00 4.475140612266391926e+00
1.617882723283943891e+00 5.372370903625777849e+00 9.468776318536417103e-01
3.307870040345916696e+00 5.882020324664591904e+00 1.351321037990290241e+00
2.077723767949183564e+00 4.412685526354319876e+00 5.694713130576649185e+00
4.259891680091572930e+00 6.200317476382724458e+00 1.226711412621097619e+00
1.607454254364453883e+00 6.360882880543912599e+00 3.706936875859603742e+00
3.075888962296095652e+00 3.444660787510541500e+00 5.163411118715722559e+00
6.242990793515986958e+00 3.566400985332515372e+00 8.919977681148957283e-01
4.044713435674010538e-01 3.753144946181047104e+00 3.547724008078434466e+00
2.225323906694779197e+00 3.695653537558952539e+00 4.702010426753497896e+00
1.201226883225636977e+00 2.096949592864927769e+00 3.586225385084531148e+00
5.910407494850563381e+00 1.657011001560993790e+00 1.543584057527978004e+00
4.996665445834659103e+00 2.447934132462153745e+00 2.508259859419223137e+00
5.871271326257250678e+00 6.604229932619431587e+00 6.067738281232904818e+00
6.686967148529443072e+00 7.453696625528873909e-01 5.655579557357504505e+00
4.450056726367278337e+00 6.313159446005044417e-01 5.133466937475498204e-01
6.935014727877053531e-03 1.767760807889167785e+00 2.682368600508417522e+00
1.834147687229146451e+00 2.215439343704459496e+00 6.497517910180671485e+00
2.658547504067583667e+00 5.345965710777512925e+00 1.911028557114929471e+00
3.569582799743103330e+00 2.329934553784803963e+00 7.242119394476645988e-01
3.422743985469247185e+00 6.176348795160587102e+00 3.422073025273110414e+00
6.130546618232342482e+00 7.222014990835742276e-01 6.716633408036437380e+00
3.621469220846197157e+00 2.755518134008237308e+00 1.579983039322670368e+00
5.405199175126380595e+00 1.452338081232520839e+00 1.252504065042421288e-01
3.882905470754149935e+00 5.157656489513662734e+00 6.099138919512332446e-01
6.099192760926519519e+00 6.679796210541813828e+00 1.768819570295969701e+00
6.083337192074512956e+00 4.330926375244350979e+00 2.153032908314459704e+00
2.415487545500580424e+00 5.705006654578873793e+00 5.098224893310787209e+00
6.281471556120116873e+00 3.288871940575075925e+00 5.873043764026355085e+00
4.716243990241227202e+00 4.439781891555208304e+00 7.673235814484571926e-02
2.766045009274608724e+00 5.565266160265174733e+00 3.040037947464321988e+00
2.409063980372688096e+00 4.086561657161745242e-01 8.586106079632859212e-01
1.894504557574034909e+00 1.609699978665149578e+00 3.100836375707795245e+00
3.548323097521296487e-01 3.718254980722348169e+00 6.443331083700769568e+00
5.165724576664144863e+00 5.868136683177575641e+00 6.061484413063022991e+00
2.041968455067045551e-01 3.492961708892077688e+00 2.682027538571215342e+00
4.110109994479298895e-02 5.258024162168706717e+00 5.701489618517170399e+00
5.113494753959209049e+00 6.032915312922341400e+00 5.073288747141767807e+00
4.774972906875748713e+00 2.490429082083623680e+00 4.833418939537283521e+00
3.030162475438550329e-01 1.909491560952438993e+00 6.117679021769391490e+00
5.114949379468067825e-01 4.756990445876303486e-01 8.129231376420482935e-02
1.113673000409135083e+00 2.223426383500282544e+00 1.016448823643165911e+00
2.479558116008245161e+00 3.096878174950466356e+00 3.114524229385742804e-01
4.209986275420593671e+00 6.616237820409511805e+00 2.534897912579009649e+00
4.163096300993283094e+00 2.087049218916578130e+00 3.467906852017537567e+00
3.467341581171865972e+00 2.910243263069701491e+00 6.548174954304652573e+00
1.498533031666816839e+00 6.185984814324665404e-01 3.718434423895438101e+00
6.241014054139378153e+00 6.115634200561620659e+00 5.357704892650681394e+00
3.179539111124197071e+00 6.568898906921697645e+00 6.147973133237942811e+00
5.394560905600125800e+00 4.809962434115568897e+00 6.227715043546107054e+00
3.922276721026466184e+00 2.009648675734797774e+00 4.457322472589657636e+00
2.930747739780417582e+00 2.342752309114550346e+00 2.297241473523532029e+00
4.766542687286429825e+00 5.385408181308942721e-01 1.939555897919827521e+00
1.806207624654005306e+00 2.793930367232633216e-03 1.667090130547125959e+00
2.295903229292969527e+00 4.176950080313873492e+00 6.699153450814818278e+00
2.946891473944045270e+00 1.646983694036787238e+00 1.628592159697512365e+00
9.513829456462222778e-01 6.080244136814355826e+00 6.873355348420512323e-01
1.660781483671941894e+00 5.337625245851445932e+00 3.336221828411054968e+00
5.489432913375049239e+00 5.044018392551882890e+00 3.249698101656089411e-01
3.521352694063539346e+00 5.942801257366570944e+00 2.433941018280927349e+00
2.308618593508427796e+00 4.580198434738700364e+00 3.975888851176234695e+00
4.423069200028494130e+00 2.654741107503632680e+00 6.754201872017229213e+00
6.341594622617167332e+00 4.561570098455585587e+00 1.170071777300518479e+00
6.105418241937897506e+00 2.423491811870548851e+00 2.708442143467778784e+00
3.960864434031753145e+00 3.160625942530186916e-01 3.733133678516977749e+00
2.242750655407041993e+00 1.263909759723101267e+00 6.455631879114886118e+00
6.121474315027122692e+00 4.205258195968554880e+00 6.733882789978716588e+00
4.895086070177168125e+00 3.767068907575374936e+00 4.212034596872971548e+00
4.096701766620040708e+00 4.052807436327426238e+00 2.607168446144169760e+00
5.636453662601647707e+00 1.218893464922663705e+00 5.820093760254382964e+00
2.090012040453336883e+00 2.715983699333593293e+00 5.106461784286372207e+00
4.840893495456317197e+00 6.497324276686197164e-01 6.045893905831085213e+00
4.755369907711341604e+00 3.504100023273197806e+00 1.888897453995224796e+00
5.014480781892188155e+00 2.081511651394211349e+00 6.235745390948523870e+00
6.632782479314172974e+00 4.828690192514117463e+00 4.805090086437502350e+00
2.810322022946961429e+00 1.411646068310531632e+00 2.636732033338093917e+00
2.025826667087253785e+00 3.131721170631856399e+00 1.513462559675254004e+00
6.649438675976062640e+00 1.597726126101919553e+00 6.159997853018492897e-01
6.630347249595169856e+00 2.688374221824364252e+00 2.259454293323616414e-01
3.720010771104945935e+00 4.191080335189507067e-01 1.746497789664184452e+00
6.691682199677820186e+00 1.145086514121515631e+00 4.487547915433630408e+00
1.606198898838812283e+00 2.318399797374393612e-01 2.743415289333954732e-01
1.209046104829009982e+00 6.591900619610719048e+00 2.786634209974599763e+00
4.154735644973306385e+00 5.885086153272098830e-01 4.778991889100608681e+00
2.241204711962606844e+00 6.188473200027647003e+00 2.616980133934827535e+00
1.548372257141169994e+00 3.713080277376802130e+00 3.918859943267658519e+00
1.110229280139001240e+00 1.549640013373445591e+00 5.869272252084236502e-02
3.120936441752793389e+00 5.121913468246521717e+00 6.253799398825675482e+00
5.989830042567865220e+00 1.255541611425163406e+00 2.433067689704141667e+00
4.001946160026340849e+00 3.789501996994725896e+00 6.602381808846948807e+00
5.019306562473538236e+00 5.952444670347946776e+00 5.168715078426402432e-01
7.978100569337798209e-02 3.645901252813286142e+00 4.856560361378056356e+00
5.240742781326545696e+00 1.590996891577633576e+00 3.080841479564707441e+00
3.150135439023968864e+00 1.808553957565105730e+00 6.704920235557021435e+00
4.357203175254040772e+00 5.630786934649717246e+00 6.432239359329241069e+00
6.643450155204970287e+00 5.823917675878436562e+00 2.552571572186457693e+00
6.722655664831851396e+00 3.762827930101039775e-01 3.975346406871600902e+00
6.640957598486339819e+00 6.538311415405830829e+00 4.493477298629086625e-02
9.601734027111973324e-01 1.046648480021104666e+00 2.510296363431420374e+00
1.912692025818747643e+00 1.265434467125029272e+00 5.283359321065175251e+00
1.411773802267132227e+00 4.685972059283778357e+00 1.770256213532158895e+00
5.783810948744688929e+00 4.725629647224304897e+00 4.155279553028018213e+00
3.008153934787159312e+00 2.132614227052138212e+00 5.690143529982020887e+00
2.021011899773768050e+00 1.422322464847604939e+00 7.803093572724625338e-01
6.243830613701861765e+00 2.609637718551281793e+00 4.711929374320400044e+00
2.647748207641859697e+00 9.476068247255299282e-01 3.690872289572132647e+00
4.769277002268548671e+00 4.857882321586749264e+00 3.291075645863442034e+00
2.978290817262667201e+00 9.864309695604554784e-02 4.132379894333134018e+00
5.803522895410904603e+00 2.508509657276450255e+00 5.560024716357903074e+00
6.608088239490317317e-01 4.979850114324346322e+00 3.766042065629485958e+00
3.610501365315912370e-01 2.267188819368897601e+00 4.197830836903111873e+00
7.490406163692306940e-01 8.984755780612361242e-01 8.601499630049407319e-01
2.922593331218529933e+00 2.107059032612497163e+00 4.496981253443537163e+00
1.139106983629765146e-01 3.614328135318145563e+00 1.746092035607110127e+00
5.842101299842522799e+00 5.254120825917184767e+00 5.345721647872792914e+00
7.605935226359411550e-01 4.736303827311425074e+00 8.601631205046411655e-01
5.001280898253828155e+00 4.324295569152538654e+00 2.233074158893884054e+00
9.496144450411894145e-01 5.245676266045673941e+00 2.718075583124666128e+00
2.901640907381316747e+00 6.599163958704698629e+00 1.925895210103864219e+00
2.013533748355390784e+00 2.600296372479443896e+00 3.962729572671421785e+00
3.537760064113755210e+00 5.859271951543692375e-02 8.485493359806125513e-01
4.052315437984017610e-01 2.655540190668931100e+00 1.909095657313489180e+00
3.803252340701480883e+00 6.119990134866510445e+00 3.180953625264635320e-01
1.111940896960101455e+00 5.397550092190027904e+00 6.579626887433715154e+00
1.226691625755350845e+00 2.920469222184574054e+00 3.128541639753781745e+00
5.297128186950024187e+00 2.768088165531571221e+00 1.534116185082771588e+00
2.844669573617303993e+00 7.175003295037092332e-01 5.896028239260254544e+00
3.194217244059282645e+00 3.912858082671839988e+00 6.121909361732551957e+00
1.804443084609520451e-02 6.088546538745196024e+00 1.183225238296857329e+00
4.374842131109500265e+00 1.445744118525487343e+00 2.472833812123865993e+00
1.136032128468475788e+00 7.962920517583937929e-01 6.096076463448835803e+00
3.293097801658702029e+00 3.261890821573651955e+00 7.039560277075326278e-01
1.330331332154554014e+00 2.242053799205002029e+00 4.763016394906378181e+00
3.552970612709692944e+00 2.940934901426957460e+00 3.983937745699691835e+00
4.209929239778015919e+00 3.144595418659831942e+00 3.415751026697984027e+00
3.556922986543296528e+00 6.008887911143846239e+00 5.430628493033991866e+00
1.444511404128815402e+00 6.409454570538573925e+00 6.373879644571695202e+00
3.976743580040227322e+00 1.873119117961901559e+00 6.181105326361218566e+00
