3.517469347670981739e-02 2.048662367749932489e+00 7.602190023325398061e-01
-2.242049662282394884e+00 -1.180774005698935536e+00 3.187678447877551946e+00
-9.326849255230579283e-01 -6.619410388665331046e-01 -1.661944904119376787e+00
1.585181648484181860e+00 -1.553058755962053894e+00 1.146599559813754388e+00
1.647280387867716911e+00 -3.489228170219830782e-01 -1.545693654446574916e+00
3.251273203306653592e+00 6.957074484766953004e-01 1.824935873627413274e+00
3.480858257476604045e+00 -7.930021618715539233e-01 1.253197512774619105e+00
-1.464941970365874813e+00 1.936559449738060268e+00 -5.897212072950779316e-01
-1.332071801732348959e+00 -8.558015391733417854e-01 -1.665232230048418582e+00
-4.834867924409088635e-01 1.495267547274334863e+00 3.004811606241322153e-01
-2.625793771858746517e+00 -3.658279301517163518e+00 2.391153624980540737e+00
1.739557878124986523e+00 -4.068858017900846002e-01 2.374300853551033347e-02
1.187472530047895436e+00 -1.995453685073710348e+00 5.315828361727837903e-01
-6.006973909383920285e-01 1.128268243849502861e+00 -5.007496130230821851e-01
-3.767890138125433164e-01 1.260281851721793966e+00 1.603095719722900103e+00
-2.642720587988665049e-01 8.056895026494408363e-01 -1.448629856974227081e+00
-5.412795661020387561e-01 -3.169534109042583814e-01 -6.153739472915307207e-01
-9.416695968276169726e-01 4.179507565634413169e+00 1.707596422989744012e+00
9.860187442691306092e-01 2.594598783104058004e+00 -5.066931187210469423e-01
4.069923045593375477e-01 3.096387246599670018e-01 1.442705185109674826e+00
-2.408827843266498014e+00 2.715869589215038626e-01 1.583311655007838770e+00
1.521760427251505732e+00 -9.123525537664998186e-01 3.439218482896189144e+00
3.729330202976248732e+00 -9.337307274336507090e-01 3.163630879616255331e+00
-4.871898648319249459e-01 -1.305936556205830712e+00 -1.026389252460041535e+00
-1.487481302047650278e+00 -1.258805041302800021e+00 1.120984391152010651e-01
-2.657543236787234253e+00 -1.872503343049573665e+00 -1.324705809450097416e+00
3.671851791670448506e-01 -1.952666043864353385e-01 1.616205085970842115e+00
4.283611256179274684e-02 -3.520927048309806295e+00 6.728048931104557706e-01
1.651496655673504232e+00 -2.701301942058295325e+00 -2.442631868088662284e+00
1.218824460623495920e+00 1.272684324997317429e+00 -3.176743955770307548e-01
4.292568059838293593e+00 2.615493748696777310e+00 2.889141716849684127e-01
1.432588812189464100e+00 2.310167017881233353e-01 -2.543878470647044754e+00
9.482454206866397506e-01 3.605558737643093092e-01 -3.290258701080947645e+00
8.658363115429412726e-01 5.826799887288462987e-01 -1.717061149038430212e-01
5.421977934060477899e-01 -4.552741074174210811e-01 1.172861007733042804e+00
3.401553021822888434e-01 2.112161135557467873e+00 -4.659564566815189157e-01
2.626262441173824236e+00 1.944757831555817607e+00 -5.081886017028673930e-01
1.431612960424329062e+00 5.026762779386834135e-01 -1.435910055352515258e+00
1.323999973170861377e+00 2.673827428711305298e+00 -5.974531201865911356e-01
-1.894365916256733007e+00 -1.116772967390951665e+00 -4.935310123685446859e-01
-3.045371270102635641e+00 1.502117627081918760e+00 -2.282559771959205008e+00
-1.855284205304822187e+00 2.590181877370355323e+00 -2.732325483809143307e+00
3.918982619747615637e+00 1.164806152551033147e+00 -1.118918078361140767e+00
2.374821902210883517e-01 -8.227445143258144133e-01 -1.313592582799270492e+00
-7.365761139058517593e-01 -3.007005868841944540e+00 -1.720812930493160309e+00
-4.155873543461253705e-01 -4.568321437206996904e+00 2.198742978846653262e+00
4.910116334657912418e+00 8.745967716594731378e-01 1.466260373683948848e-01
2.267082633584047713e+00 4.843643953077500508e-01 -2.668911751064024340e+00
1.997546757675218387e+00 5.513962959223737137e-01 -1.311537548080059956e+00
-2.384302652236073072e+00 -1.001028858899175589e+00 -5.999698033849039103e-01
1.834483601052882884e+00 -5.677816112946613147e-01 -1.990040701328025019e+00
-1.529928247355922810e+00 -2.447337586699787515e+00 1.744166657744717241e+00
-1.931917491501870199e+00 -2.680733927821333795e-01 4.721807261368351494e-01
2.573331452319491675e+00 1.651804816552680188e+00 -1.034615413228611169e+00
-1.548145625307608908e+00 1.027936637510028506e-01 1.814586632832635882e+00
8.933128557157573590e-01 2.199775029540027127e+00 2.048500526614760453e+00
2.503871661530880033e+00 2.508946604225915866e+00 2.010955080543935791e-01
4.211512974057566083e+00 -3.579023531191223295e+00 2.016432276073727714e-01
1.663247166508798225e+00 -1.408372463387277174e+00 4.751930384529053697e+00
-8.437525453085261695e-01 2.550394028892868370e+00 5.274438899596958219e-01
-7.170789359119649209e-01 7.357436931865661833e-01 2.838383393324455994e+00
2.108114995441110473e+00 -1.534503982595920357e+00 1.424240332595707315e-01
5.462454894597992272e-01 -2.020728651736651393e+00 -1.525264789639356522e+00
-3.167788147019986456e-01 1.770674898407185838e+00 4.700825864999079173e-01
8.455165890595359723e-01 -7.142243218133468297e-01 -1.061863552269341593e+00
-8.642168635652210940e-01 1.027516634483974567e+00 1.487236733633904961e+00
2.219744413990696885e-01 1.343064233986453582e+00 -7.363176746933021155e-01
-6.744199133429925608e-01 3.170704080163734062e+00 3.634042062321148681e+00
-2.011936768520473429e+00 2.313731491594540834e+00 1.183865350656341797e-01
-2.308578416689719415e+00 1.179153248858171299e+00 -9.511557425731610449e-01
1.065321136680788650e+00 8.381424001693337233e-01 -2.875964448659976691e-01
-1.177855389032627542e+00 6.851662301444390035e-01 1.394911961612114171e-01
-2.085535072320984451e+00 -7.079094391602923642e-01 -1.879772462535853395e+00
-2.073102217060337704e+00 7.517505901144272418e-01 3.210447920207189831e+00
-1.702218852756293366e+00 1.541008799490608761e+00 -3.623855544231990855e-01
2.684521417083931993e+00 1.518463967895193889e+00 -2.059401188150359552e+00
1.055846071203869752e+00 -1.819061617251135354e+00 -8.758562553549252838e-01
-7.395882989719304579e-01 1.363093409446211490e+00 -2.959662808863904537e+00
2.118477139862618763e+00 -1.884462028687571511e+00 1.344693011734281463e-01
7.442794083820329989e-03 -1.166685259294397037e+00 2.156507180863782569e+00
1.410662292783654070e+00 -3.893549442167227315e-01 4.337175074863071078e-01
-1.222359119362539603e+00 -1.028038177572355161e-01 -2.866900604798279517e-02
-3.213161721460517928e-01 -1.346417292214940664e+00 -5.710666449998689220e-01
-8.184810140441175497e-01 1.276393508286751022e+00 2.238166463285044205e+00
-1.396224545947190920e+00 5.374431142964363195e-01 -1.070815069829958111e+00
1.919961049672336717e+00 1.640526862160600174e+00 -2.567071875434459471e+00
1.082420290707519772e-02 1.688584378760780602e+00 -3.252067946267167553e-02
-6.044294374540748471e-01 1.857427157825806696e-01 7.789996036754506248e-01
1.323361680184204303e+00 3.021154916848509120e-01 -2.368765119188805279e+00
1.128884936301115971e+00 -6.416191484696081027e-01 1.951793466839327751e+00
2.340053958511417065e+00 -2.301512714924875080e+00 -1.965710938700372390e+00
1.281997273303874696e+00 -1.657934883089262179e+00 9.696339277835620551e-01
-4.442574825229276825e-01 -3.647686406132474080e+00 -7.797847707688856378e-01
-3.126046712302270159e+00 -1.462555962984644520e+00 -1.628341856283328282e+00
2.304727413611389775e+00 -2.228863592723987763e-01 7.161570806652096666e-01
-1.710160181712752081e+00 -1.729556376543978979e+00 5.986475843135470321e-01
1.151619837669566326e+00 -2.084424030237345793e+00 -4.634969585147151072e+00
7.915201059927843286e-01 2.209353231499721293e+00 2.268075652105212558e+00
-1.097629665603387483e+00 7.287076563068551893e-01 8.093796496471865609e-01
1.529186612382980481e+00 3.409123205250868538e-01 1.913550000356232683e+00
-1.987888814445425423e-01 -3.052897913596244184e+00 9.542539798961028330e-01
-1.651219061628037110e+00 -3.640248649711896878e-01 1.280854007718857490e+00
-4.654650452110353220e-01 1.946679080503473491e+00 -1.063114362335346286e+00
5.260439739339331511e-02 1.158466436312631576e+00 -2.068599049411794510e-01
-2.058671484031137644e-01 -3.233473965800084948e-01 1.187643913531511997e+00
5.530712837066638077e-01 -5.611866534853124922e-01 1.576348161082668398e+00
-2.122637469493252604e-01 -1.093637059743585827e+00 6.578678057395150880e-01
6.521929889823468995e-01 -3.483448112002478503e-01 -1.406448838854410521e+00
2.451312255867458934e+00 1.206208847512479698e+00 -9.960605793281631648e-01
9.880938252059546789e-01 -5.283595379692123117e-01 2.167441413799136463e+00
-1.555508128841167403e+00 -1.685991721846301417e+00 -2.116350913103239861e-01
-4.215766835909769306e+00 2.608602055540493403e+00 1.467547613788492633e+00
-8.091475279644594343e-01 -1.139974937197453686e+00 -1.328809072056367668e+00
2.077290255063935387e+00 1.415090431171710517e-01 1.620878447874647188e+00
-2.188214354861915290e+00 1.598813838554055788e+00 6.935338149690131737e-02
-2.668436984662263534e+00 2.118050647008907106e+00 3.686325731334722633e+00
-2.443701945311453905e+00 -2.585715064619203307e+00 1.114457409728478454e-01
3.126347319214487497e-01 -2.723566493007842926e-01 -1.144067645946624245e-01
1.417762248559155669e+00 -2.934107842773220898e-01 -1.879228307297599265e+00
3.354175450256631219e+00 -7.663777411269927509e-01 -3.454266600648581709e-01
-3.334590338155766220e-01 9.150038275046690206e-01 1.775595351009688905e+00
-1.103513123170116073e+00 -2.543882312516487332e+00 -8.328051448920910094e-01
-2.591030608203789498e+00 2.753208378652475918e+00 1.278150615611847840e+00
3.769662028503960594e-01 5.947702756420286674e-01 8.327338107150803470e-01
-1.652871567838818612e+00 -5.957732148658120841e-02 -1.864870307974610952e+00
-3.710584311261862833e+00 -1.744081642853269054e+00 -1.941334241351293066e+00
1.436437316355229532e+00 3.821715585678628346e-01 4.804566787539721329e-02
-1.828948612953662067e+00 3.258453526694271130e+00 -1.700531504690066420e+00
-1.270420695699225444e+00 -1.801669354116663957e+00 1.763267087207457617e+00
1.956934451929118968e+00 5.813844090448142543e-01 1.672007215520223244e+00
9.903400907014388022e-01 7.674798078344503560e-01 1.230054889896965431e+00
4.083523470074955419e+00 2.964753011724605258e+00 -4.301527474042099453e-01
-2.187397723705158947e-01 6.821996839783617261e-01 -3.377081364785780693e+00
-3.183596536920337283e-01 -1.364999999236975237e+00 7.883636305887418150e-01
1.818054619055280208e+00 2.823393805100654075e-01 -1.162616856391065046e+00
-2.142104014144337043e+00 4.452693339111726267e-01 6.982149843416872725e-01
6.907497786729128730e-01 -2.945080844849593538e-01 3.967913778535154812e-01
1.755645950472929373e+00 3.292027288727068957e+00 -2.031693957146743834e+00
8.395035147407542420e-01 -4.881805683196566159e-01 -1.433796993705291234e+00
1.555828950411926481e+00 -1.851006796754208761e+00 -2.599364321778920850e+00
2.556177587529981921e-01 -1.530889642145463747e-02 1.685470964289634388e+00
-5.410501756540366358e+00 -1.749235038009691046e+00 9.174028948374928216e-01
-2.843749580643422092e-01 2.503791213525238035e+00 2.351886464553102574e+00
-2.537207615788216408e+00 -8.242261608425061059e-01 1.001829333304198766e+00
1.296598137621285174e+00 -5.264116984690762058e-01 -2.935421820430744511e+00
7.559422714518435615e-01 6.996083953205158856e-01 1.955685630554372167e+00
4.074373390392228567e-01 1.394161173247269403e+00 -1.556426676433336764e+00
1.404306450092858372e+00 -3.564806981949411591e-01 -1.489108844495942607e+00
2.493982439147989449e+00 2.929641773943377769e-01 -3.404953180674790136e+00
-1.333575512359160387e+00 3.034893808155995631e-01 -1.614344344328020098e+00
4.634507776139947799e-01 9.508400027963952450e-01 -1.570741138040174123e+00
2.829154938718113410e+00 -1.272396481562102638e-02 -5.599523293313370120e-02
3.284872695213422733e-01 1.968828455769135566e+00 -1.348734854500259317e+00
-1.079069660271811282e+00 1.014101382389078543e+00 -1.503795266503059835e+00
-8.951516343294958489e-01 -3.630103085393253104e-01 -1.034943030783852747e+00
1.104837306306929223e+00 1.797959779068064035e-01 9.031413904002260074e-01
-1.831919743877235662e+00 -1.028124392741603721e+00 -1.855898742055970274e+00
5.531827256761923106e-01 -4.732588858695366274e-01 2.106938040303522719e+00
-1.807576843664060240e+00 1.018297021220458065e+00 4.658280588937416811e-01
-3.611778912112025286e-01 -1.714396075058139290e+00 -1.981104968625828855e+00
2.530252776577538443e-01 -4.562456813325707072e-01 -5.101630309392857221e-01
3.359283970351597759e+00 3.423961385668566892e-01 -1.505677807314219852e+00
-2.473892671494628992e+00 -1.855737082268130500e+00 3.035737405663899491e+00
-5.474485690964476792e-01 1.888471066066935933e+00 1.487721125735590177e-01
-1.383674683955077978e+00 -5.281686408258950971e-01 1.498854074089202237e+00
-9.551772587882129129e-02 -6.074113043482185503e-01 -2.418021915056733029e+00
3.477104958655773959e-01 -2.320245139205301399e+00 2.000771817832751598e+00
6.408973167610694244e-01 -8.310056706438559981e-01 -2.348696343786137675e+00
-1.315464347964285574e+00 1.979745125453855836e+00 2.348225092325592733e+00
1.191639008233579267e-01 -7.762154261672049582e-02 -1.888277291189208285e+00
3.951846480165587039e+00 -7.283592606829707439e-01 7.561086997744300708e-01
-1.418747115180716056e+00 2.081946182459698536e-01 -1.573072695455462355e+00
3.774590904874118857e-01 -2.874883078723737828e+00 1.606320272374766933e+00
6.754524592754707069e-01 -3.178089251617101318e+00 4.772101273214932604e+00
2.144974563637413567e+00 7.663484061332690445e-01 -9.498686400360348281e-02
-3.213705608482718690e-01 1.120829690413353286e-01 -6.746336769366434449e-02
-5.114703181352424632e-01 3.898104639972048702e-01 1.743068595551109823e+00
-1.575688655772183200e+00 -4.211600314628464403e+00 4.622389465560846622e-01
-7.270736589221220569e-01 2.557557620809343124e+00 1.453511359202266151e+00
-1.566567630877407247e+00 -2.324701301553663946e+00 4.185871265055733925e-01
-3.670548618777944583e-01 -1.692982156449878373e+00 -9.775351026423308998e-01
-4.881192287402046359e-01 2.273246468413655741e+00 -4.479616735533776817e-01
9.045762930912794042e-01 -1.353374574368210181e-01 -9.267084820561084513e-01
6.430696279874473786e-01 1.387364165689237261e+00 -6.769903934266475742e-01
1.115050221477264722e-02 2.853604858515934595e+00 2.044050262358390047e+00
2.782852771131208991e-01 1.116103965996506409e+00 -2.277402545309886062e+00
1.753387516466070606e-01 3.630383751298081663e+00 -1.633427339286238344e-01
1.424009835509457034e+00 -9.728950581062646430e-01 3.460910204197525930e-01
-8.841056427881053281e-01 1.534660120117290472e+00 -1.153680972596023535e+00
-6.058846167436487962e-01 -4.006176487740313874e+00 1.497671465281352976e+00
1.041316691432773167e+00 6.669441070488193457e-01 9.849320087060272622e-01
2.249800406094646377e+00 1.125689390641742449e+00 1.670082502098725996e+00
-1.424771694746532980e+00 1.222415128494435343e+00 -5.796663333162686005e-01
1.153938790072419840e+00 1.678771414521295746e+00 -1.623430461662835611e-01
1.375989857375488068e+00 2.219686523466571249e+00 4.374031502793146231e+00
3.509232578534658420e-01 -2.186754649365637349e+00 1.374674034363915442e+00
2.478333683045746305e+00 1.025380126367712696e+00 -2.157474917312179663e+00
1.430109601995833701e+00 -2.110403223251424987e-01 -1.160614790742243274e+00
-7.203710125965993027e-01 -2.008167668861711608e+00 -6.222571264537833935e-01
-1.608203558097219599e+00 -2.863873329297429660e+00 -9.179590001933605192e-01
3.760641685138593204e-01 -4.268954985071731656e+00 -1.668082819504808745e+00
1.050384668804998256e+00 -1.557000656123841420e-01 2.100198832771347779e-01
5.398124821292585862e-01 1.770834229811367955e+00 -2.917802476782367815e+00
1.442970885826744709e+00 6.078976959209034803e-01 1.358724875747994609e+00
4.090786229481160774e+00 -1.594229063993020556e+00 1.228361246253254935e+00
7.957124533202362127e-01 -1.430991004871462913e+00 4.143123657363313450e-01
-3.619499371185647130e-01 1.073064223213185731e+00 -1.612022472937574058e+00
5.116511679073016960e-01 -1.869945063352063341e+00 2.885065127276142061e+00
-1.270996537818658068e+00 -1.054444201872506870e+00 -3.364175949232787177e-01
1.403293186968875617e+00 -2.077323331957741992e+00 -9.874529502545181803e-02
-7.975716452958969693e-01 1.136823740445309650e+00 -1.716627813450079643e+00
2.877252088701721000e+00 -1.065040854265485587e-01 -6.680351969721993743e-01
1.848503190515150774e+00 -3.537861749208584428e+00 1.880785046657198922e+00
-1.604601702122693485e+00 2.108585118745393228e+00 -3.164174361445795114e+00
1.262312627864306425e+00 -9.345882437008623533e-02 2.305925772856523892e+00
-4.126253801529333742e-02 2.847772690821596786e+00 -2.159075443873446909e-01
-1.949833614580787355e-01 1.399519226096852087e+00 1.285645417396972467e+00
2.885789520244866235e+00 -1.391788467790066930e+00 -1.664466982671109152e+00
8.913218428837707541e-02 -1.830764413630122212e+00 1.769247028746057104e-01
4.523847825105121956e+00 -3.933186820516493265e-01 -3.103267240381717418e-01
-1.037963684159795563e-02 -3.329730577155932902e+00 1.098722569204528404e-01
-7.813624565249104315e-01 -1.060240843534848931e+00 1.113380844304725059e+00
-3.768643483586086029e-01 -8.180374810155499610e-01 1.713027155857151484e+00
5.918140650030945249e-02 -1.549465671614727480e+00 -2.874745265646087233e+00
-1.943132207162999059e+00 6.049227852725180821e-01 -4.403504407664118325e-01
3.332736474127919735e-01 -3.214573618058181315e-01 -7.174653293747322857e-01
-1.660229189143302087e+00 5.352997177514530192e-01 -9.512076965632042247e-02
-1.201795661975212370e-01 -1.798027444686300935e+00 2.734416918500427673e+00
-1.758010117579206444e+00 -1.164848518386701670e+00 4.294438788196140444e-01
-1.860262022288720729e+00 1.720303733631248999e+00 -1.898603942635174624e+00
-1.328081028526919560e+00 -2.643215459757077390e+00 -2.147847339960784030e+00
2.929406361274507375e+00 -1.454781268469875988e+00 -4.386949202204163956e-01
1.670013953079170221e-01 -4.721372540676394003e-02 -3.631250383566820283e-01
-8.182987881703197575e-01 -7.124360145987845838e-01 1.903862663009152412e+00
5.492998813728331431e-01 -3.092662280353304372e-01 6.375328620257145751e-01
1.279879588358097398e-02 1.741954923812582212e+00 3.510586011175025778e+00
1.734879850659626910e-01 -2.732460038753149245e+00 4.304732570657002100e+00
-1.766788427374423431e+00 -1.867304504151461098e+00 1.889563054777149143e+00
4.860706066251788693e-01 2.504541169256425448e+00 1.883427810583995665e+00
2.015802918003090305e+00 2.773830785659322284e+00 3.286811606300407140e-01
1.795556635073951579e+00 1.806823897589203920e+00 1.640527190812098857e-01
3.686868254107931175e-01 -2.967278818455496570e+00 1.388268860403185645e+00
-6.645609404101538997e-01 1.238071335889673552e+00 -3.434420386192808539e-01
1.608677181733564110e+00 5.483288795682488281e-01 -1.293469113520422153e+00
-2.656405768083688113e+00 2.249631624909835814e+00 2.170241426863612766e+00
-4.935930785656906794e-01 -2.530007415577803620e+00 -2.001906055931593986e+00
1.606037527586081204e+00 -3.040998176653149088e+00 2.265840188328227534e+00
6.781494280308610900e-01 1.000432844064793048e-01 -3.763959381043449626e-01
5.975116052427867919e-01 -3.024396052769465215e-01 -4.067550634325650116e-01
-4.125351239299025474e-01 1.492634875363192837e+00 3.336480183473776950e+00
-1.905677550657184582e+00 7.088146206004181105e-02 1.032104207640761606e-01
1.666720517321889083e-01 6.733380555178993809e-01 -1.121729451365246710e+00
1.523591205447037744e+00 2.395085198401434301e+00 1.461471132483493474e+00
1.001885151620418801e+00 3.124311958341190909e+00 3.903119542373453266e-01
1.255051331467679665e+00 -1.788565722415293990e+00 -3.256779045915421555e+00
1.672294863485261907e+00 -9.999855481266380908e-01 -4.480961120615682969e-01
